# SDF data obtained using a grid finess =0.1
7.071067811865475727e-01 6.403124237432848975e-01 5.830951894845300965e-01 5.385164807134503739e-01 5.099019513592785158e-01 5.000000000000000000e-01 5.000000000000000000e-01 5.000000000000000000e-01 5.000000000000000000e-01 5.000000000000000000e-01 5.000000000000000000e-01 5.000000000000000000e-01 5.000000000000000000e-01 5.000000000000000000e-01 5.000000000000000000e-01 5.000000000000000000e-01 5.099019513592785158e-01 5.385164807134504850e-01 5.830951894845300965e-01 6.403124237432850085e-01 7.071067811865475727e-01
6.403124237432847865e-01 5.656854249492380138e-01 4.999999999999999445e-01 4.472135954999578167e-01 4.123105625617659586e-01 3.999999999999999112e-01 4.000000000000000222e-01 4.000000000000000222e-01 4.000000000000000222e-01 4.000000000000000222e-01 4.000000000000000222e-01 4.000000000000000222e-01 4.000000000000000222e-01 4.000000000000000222e-01 4.000000000000000222e-01 4.000000000000000222e-01 4.123105625617661252e-01 4.472135954999580387e-01 5.000000000000000000e-01 5.656854249492381248e-01 6.403124237432848975e-01
5.830951894845300965e-01 5.000000000000000000e-01 4.242640687119285658e-01 3.605551275463989569e-01 3.162277660168379412e-01 3.000000000000000444e-01 3.000000000000000444e-01 3.000000000000000444e-01 3.000000000000000444e-01 3.000000000000000444e-01 3.000000000000000444e-01 3.000000000000000444e-01 3.000000000000000444e-01 3.000000000000000444e-01 3.000000000000000444e-01 3.000000000000000444e-01 3.162277660168379967e-01 3.605551275463990679e-01 4.242640687119285658e-01 5.000000000000001110e-01 5.830951894845300965e-01
5.385164807134503739e-01 4.472135954999579277e-01 3.605551275463989569e-01 2.828427124746189514e-01 2.236067977499789083e-01 1.999999999999999556e-01 1.999999999999999556e-01 1.999999999999999556e-01 1.999999999999999556e-01 1.999999999999999556e-01 1.999999999999999556e-01 1.999999999999999556e-01 1.999999999999999556e-01 1.999999999999999556e-01 1.999999999999999556e-01 1.999999999999999556e-01 2.236067977499789639e-01 2.828427124746190624e-01 3.605551275463989569e-01 4.472135954999580387e-01 5.385164807134503739e-01
5.099019513592785158e-01 4.123105625617661252e-01 3.162277660168379412e-01 2.236067977499789083e-01 1.414213562373094757e-01 9.999999999999997780e-02 9.999999999999997780e-02 9.999999999999997780e-02 9.999999999999997780e-02 9.999999999999997780e-02 9.999999999999997780e-02 9.999999999999997780e-02 9.999999999999997780e-02 9.999999999999997780e-02 9.999999999999997780e-02 9.999999999999997780e-02 1.414213562373095312e-01 2.236067977499791026e-01 3.162277660168379412e-01 4.123105625617661807e-01 5.099019513592785158e-01
5.000000000000000000e-01 4.000000000000000222e-01 3.000000000000000444e-01 1.999999999999999556e-01 9.999999999999997780e-02 -0.000000000000000000e+00 -0.000000000000000000e+00 -0.000000000000000000e+00 -0.000000000000000000e+00 -0.000000000000000000e+00 -0.000000000000000000e+00 -0.000000000000000000e+00 -0.000000000000000000e+00 -0.000000000000000000e+00 -0.000000000000000000e+00 0.000000000000000000e+00 1.000000000000000888e-01 2.000000000000001776e-01 3.000000000000000444e-01 4.000000000000001332e-01 5.000000000000000000e-01
5.000000000000000000e-01 4.000000000000000222e-01 3.000000000000000444e-01 1.999999999999999556e-01 9.999999999999997780e-02 -0.000000000000000000e+00 -1.000000000000000888e-01 -1.000000000000000888e-01 -1.000000000000000888e-01 -1.000000000000000888e-01 -1.000000000000000888e-01 -1.000000000000000888e-01 -1.000000000000000888e-01 -1.000000000000000888e-01 -9.999999999999986677e-02 0.000000000000000000e+00 1.000000000000000888e-01 2.000000000000001776e-01 3.000000000000000444e-01 4.000000000000001332e-01 5.000000000000000000e-01
5.000000000000000000e-01 4.000000000000000222e-01 3.000000000000000444e-01 1.999999999999999556e-01 9.999999999999997780e-02 -0.000000000000000000e+00 -1.000000000000000888e-01 -2.000000000000000666e-01 -2.000000000000000666e-01 -2.000000000000000666e-01 -2.000000000000000666e-01 -2.000000000000000666e-01 -2.000000000000000666e-01 -1.999999999999999556e-01 -9.999999999999986677e-02 0.000000000000000000e+00 1.000000000000000888e-01 2.000000000000001776e-01 3.000000000000000444e-01 4.000000000000001332e-01 5.000000000000000000e-01
5.000000000000000000e-01 4.000000000000000222e-01 3.000000000000000444e-01 1.999999999999999556e-01 9.999999999999997780e-02 -0.000000000000000000e+00 -1.000000000000000888e-01 -2.000000000000000666e-01 -3.000000000000000444e-01 -3.000000000000000444e-01 -3.000000000000000444e-01 -3.000000000000000444e-01 -2.999999999999998224e-01 -1.999999999999999556e-01 -9.999999999999986677e-02 0.000000000000000000e+00 1.000000000000000888e-01 2.000000000000001776e-01 3.000000000000000444e-01 4.000000000000001332e-01 5.000000000000000000e-01
5.000000000000000000e-01 4.000000000000000222e-01 3.000000000000000444e-01 1.999999999999999556e-01 9.999999999999997780e-02 -0.000000000000000000e+00 -1.000000000000000888e-01 -2.000000000000000666e-01 -3.000000000000000444e-01 -4.000000000000000222e-01 -4.000000000000000222e-01 -3.999999999999999112e-01 -2.999999999999998224e-01 -1.999999999999999556e-01 -9.999999999999986677e-02 0.000000000000000000e+00 1.000000000000000888e-01 2.000000000000001776e-01 3.000000000000000444e-01 4.000000000000001332e-01 5.000000000000000000e-01
5.000000000000000000e-01 4.000000000000000222e-01 3.000000000000000444e-01 1.999999999999999556e-01 9.999999999999997780e-02 -0.000000000000000000e+00 -1.000000000000000888e-01 -2.000000000000000666e-01 -3.000000000000000444e-01 -4.000000000000000222e-01 -5.000000000000000000e-01 -3.999999999999999112e-01 -2.999999999999998224e-01 -1.999999999999999556e-01 -9.999999999999986677e-02 0.000000000000000000e+00 1.000000000000000888e-01 2.000000000000001776e-01 3.000000000000000444e-01 4.000000000000001332e-01 5.000000000000000000e-01
5.000000000000000000e-01 4.000000000000000222e-01 3.000000000000000444e-01 1.999999999999999556e-01 9.999999999999997780e-02 -0.000000000000000000e+00 -1.000000000000000888e-01 -2.000000000000000666e-01 -3.000000000000000444e-01 -4.000000000000000222e-01 -5.000000000000000000e-01 -3.999999999999999112e-01 -2.999999999999998224e-01 -1.999999999999999556e-01 -9.999999999999986677e-02 0.000000000000000000e+00 1.000000000000000888e-01 2.000000000000001776e-01 3.000000000000000444e-01 4.000000000000001332e-01 5.000000000000000000e-01
5.000000000000000000e-01 4.000000000000000222e-01 3.000000000000000444e-01 1.999999999999999556e-01 9.999999999999997780e-02 -0.000000000000000000e+00 -1.000000000000000888e-01 -2.000000000000000666e-01 -3.000000000000000444e-01 -4.000000000000000222e-01 -5.000000000000000000e-01 -3.999999999999999112e-01 -2.999999999999998224e-01 -1.999999999999999556e-01 -9.999999999999986677e-02 0.000000000000000000e+00 1.000000000000000888e-01 2.000000000000001776e-01 3.000000000000000444e-01 4.000000000000001332e-01 5.000000000000000000e-01
5.000000000000000000e-01 4.000000000000000222e-01 3.000000000000000444e-01 1.999999999999999556e-01 9.999999999999997780e-02 -0.000000000000000000e+00 -1.000000000000000888e-01 -2.000000000000000666e-01 -3.000000000000000444e-01 -4.000000000000000222e-01 -5.000000000000000000e-01 -3.999999999999999112e-01 -2.999999999999998224e-01 -1.999999999999999556e-01 -9.999999999999986677e-02 0.000000000000000000e+00 1.000000000000000888e-01 2.000000000000001776e-01 3.000000000000000444e-01 4.000000000000001332e-01 5.000000000000000000e-01
5.000000000000000000e-01 4.000000000000000222e-01 3.000000000000000444e-01 1.999999999999999556e-01 9.999999999999997780e-02 -0.000000000000000000e+00 -1.000000000000000888e-01 -2.000000000000000666e-01 -3.000000000000000444e-01 -4.000000000000000222e-01 -5.000000000000000000e-01 -3.999999999999999112e-01 -2.999999999999998224e-01 -1.999999999999999556e-01 -9.999999999999986677e-02 0.000000000000000000e+00 1.000000000000000888e-01 2.000000000000001776e-01 3.000000000000000444e-01 4.000000000000001332e-01 5.000000000000000000e-01
5.000000000000000000e-01 4.000000000000000222e-01 3.000000000000000444e-01 1.999999999999999556e-01 9.999999999999997780e-02 -0.000000000000000000e+00 -1.000000000000000888e-01 -2.000000000000000666e-01 -3.000000000000000444e-01 -4.000000000000000222e-01 -5.000000000000000000e-01 -3.999999999999999112e-01 -2.999999999999998224e-01 -1.999999999999999556e-01 -9.999999999999986677e-02 0.000000000000000000e+00 1.000000000000000888e-01 2.000000000000001776e-01 3.000000000000000444e-01 4.000000000000001332e-01 5.000000000000000000e-01
5.000000000000000000e-01 4.000000000000000222e-01 3.000000000000000444e-01 1.999999999999999556e-01 9.999999999999997780e-02 -0.000000000000000000e+00 -1.000000000000000888e-01 -2.000000000000000666e-01 -3.000000000000000444e-01 -4.000000000000000222e-01 -5.000000000000000000e-01 -3.999999999999999112e-01 -2.999999999999998224e-01 -1.999999999999999556e-01 -9.999999999999986677e-02 0.000000000000000000e+00 1.000000000000000888e-01 2.000000000000001776e-01 3.000000000000000444e-01 4.000000000000001332e-01 5.000000000000000000e-01
5.000000000000000000e-01 4.000000000000000222e-01 3.000000000000000444e-01 1.999999999999999556e-01 9.999999999999997780e-02 -0.000000000000000000e+00 -1.000000000000000888e-01 -2.000000000000000666e-01 -3.000000000000000444e-01 -4.000000000000000222e-01 -5.000000000000000000e-01 -3.999999999999999112e-01 -2.999999999999998224e-01 -1.999999999999999556e-01 -9.999999999999986677e-02 0.000000000000000000e+00 1.000000000000000888e-01 2.000000000000001776e-01 3.000000000000000444e-01 4.000000000000001332e-01 5.000000000000000000e-01
5.000000000000000000e-01 4.000000000000000222e-01 3.000000000000000444e-01 1.999999999999999556e-01 9.999999999999997780e-02 -0.000000000000000000e+00 -1.000000000000000888e-01 -2.000000000000000666e-01 -3.000000000000000444e-01 -4.000000000000000222e-01 -5.000000000000000000e-01 -3.999999999999999112e-01 -2.999999999999998224e-01 -1.999999999999999556e-01 -9.999999999999986677e-02 0.000000000000000000e+00 1.000000000000000888e-01 2.000000000000001776e-01 3.000000000000000444e-01 4.000000000000001332e-01 5.000000000000000000e-01
5.000000000000000000e-01 4.000000000000000222e-01 3.000000000000000444e-01 1.999999999999999556e-01 9.999999999999997780e-02 -0.000000000000000000e+00 -1.000000000000000888e-01 -2.000000000000000666e-01 -3.000000000000000444e-01 -4.000000000000000222e-01 -5.000000000000000000e-01 -3.999999999999999112e-01 -2.999999999999998224e-01 -1.999999999999999556e-01 -9.999999999999986677e-02 0.000000000000000000e+00 1.000000000000000888e-01 2.000000000000001776e-01 3.000000000000000444e-01 4.000000000000001332e-01 5.000000000000000000e-01
5.000000000000000000e-01 4.000000000000000222e-01 3.000000000000000444e-01 1.999999999999999556e-01 9.999999999999997780e-02 -0.000000000000000000e+00 -1.000000000000000888e-01 -2.000000000000000666e-01 -3.000000000000000444e-01 -4.000000000000000222e-01 -5.000000000000000000e-01 -3.999999999999999112e-01 -2.999999999999998224e-01 -1.999999999999999556e-01 -9.999999999999986677e-02 0.000000000000000000e+00 1.000000000000000888e-01 2.000000000000001776e-01 3.000000000000000444e-01 4.000000000000001332e-01 5.000000000000000000e-01
5.000000000000000000e-01 4.000000000000000222e-01 3.000000000000000444e-01 1.999999999999999556e-01 9.999999999999997780e-02 -0.000000000000000000e+00 -1.000000000000000888e-01 -2.000000000000000666e-01 -3.000000000000000444e-01 -3.999999999999999112e-01 -3.999999999999999112e-01 -3.999999999999999112e-01 -2.999999999999998224e-01 -1.999999999999999556e-01 -9.999999999999986677e-02 0.000000000000000000e+00 1.000000000000000888e-01 2.000000000000001776e-01 3.000000000000000444e-01 4.000000000000001332e-01 5.000000000000000000e-01
5.000000000000000000e-01 4.000000000000000222e-01 3.000000000000000444e-01 1.999999999999999556e-01 9.999999999999997780e-02 -0.000000000000000000e+00 -1.000000000000000888e-01 -2.000000000000000666e-01 -2.999999999999998224e-01 -2.999999999999998224e-01 -2.999999999999998224e-01 -2.999999999999998224e-01 -2.999999999999998224e-01 -1.999999999999999556e-01 -9.999999999999986677e-02 0.000000000000000000e+00 1.000000000000000888e-01 2.000000000000001776e-01 3.000000000000000444e-01 4.000000000000001332e-01 5.000000000000000000e-01
5.000000000000000000e-01 4.000000000000000222e-01 3.000000000000000444e-01 1.999999999999999556e-01 9.999999999999997780e-02 -0.000000000000000000e+00 -1.000000000000000888e-01 -1.999999999999997335e-01 -1.999999999999997335e-01 -1.999999999999997335e-01 -1.999999999999997335e-01 -1.999999999999997335e-01 -1.999999999999997335e-01 -1.999999999999997335e-01 -9.999999999999986677e-02 0.000000000000000000e+00 1.000000000000000888e-01 2.000000000000001776e-01 3.000000000000000444e-01 4.000000000000001332e-01 5.000000000000000000e-01
5.000000000000000000e-01 4.000000000000000222e-01 3.000000000000000444e-01 1.999999999999999556e-01 9.999999999999997780e-02 -0.000000000000000000e+00 -9.999999999999964473e-02 -9.999999999999964473e-02 -9.999999999999964473e-02 -9.999999999999964473e-02 -9.999999999999964473e-02 -9.999999999999964473e-02 -9.999999999999964473e-02 -9.999999999999964473e-02 -9.999999999999964473e-02 0.000000000000000000e+00 1.000000000000000888e-01 2.000000000000001776e-01 3.000000000000000444e-01 4.000000000000001332e-01 5.000000000000000000e-01
5.000000000000000000e-01 3.999999999999999112e-01 3.000000000000000444e-01 1.999999999999999556e-01 9.999999999999997780e-02 -0.000000000000000000e+00 -0.000000000000000000e+00 -0.000000000000000000e+00 -0.000000000000000000e+00 -0.000000000000000000e+00 -0.000000000000000000e+00 -0.000000000000000000e+00 -0.000000000000000000e+00 -0.000000000000000000e+00 -0.000000000000000000e+00 0.000000000000000000e+00 1.000000000000000888e-01 2.000000000000001776e-01 3.000000000000000444e-01 4.000000000000001332e-01 5.000000000000000000e-01
5.099019513592785158e-01 4.123105625617659586e-01 3.162277660168379967e-01 2.236067977499789639e-01 1.414213562373095312e-01 1.000000000000000888e-01 1.000000000000000888e-01 1.000000000000000888e-01 1.000000000000000888e-01 1.000000000000000888e-01 1.000000000000000888e-01 1.000000000000000888e-01 1.000000000000000888e-01 1.000000000000000888e-01 1.000000000000000888e-01 1.000000000000000888e-01 1.414213562373096422e-01 2.236067977499791581e-01 3.162277660168379967e-01 4.123105625617661807e-01 5.099019513592785158e-01
5.385164807134504850e-01 4.472135954999579277e-01 3.605551275463990679e-01 2.828427124746190624e-01 2.236067977499791026e-01 2.000000000000001776e-01 2.000000000000001776e-01 2.000000000000001776e-01 2.000000000000001776e-01 2.000000000000001776e-01 2.000000000000001776e-01 2.000000000000001776e-01 2.000000000000001776e-01 2.000000000000001776e-01 2.000000000000001776e-01 2.000000000000001776e-01 2.236067977499791581e-01 2.828427124746192844e-01 3.605551275463990679e-01 4.472135954999581497e-01 5.385164807134504850e-01
5.830951894845302075e-01 5.000000000000001110e-01 4.242640687119287324e-01 3.605551275463991234e-01 3.162277660168381632e-01 3.000000000000002665e-01 3.000000000000002665e-01 3.000000000000002665e-01 3.000000000000002665e-01 3.000000000000002665e-01 3.000000000000002665e-01 3.000000000000002665e-01 3.000000000000002665e-01 3.000000000000002665e-01 3.000000000000002665e-01 3.000000000000002665e-01 3.162277660168382187e-01 3.605551275463992345e-01 4.242640687119287324e-01 5.000000000000002220e-01 5.830951894845302075e-01
6.403124237432851196e-01 5.656854249492381248e-01 5.000000000000003331e-01 4.472135954999582053e-01 4.123105625617663472e-01 4.000000000000003553e-01 4.000000000000003553e-01 4.000000000000003553e-01 4.000000000000003553e-01 4.000000000000003553e-01 4.000000000000003553e-01 4.000000000000003553e-01 4.000000000000003553e-01 4.000000000000003553e-01 4.000000000000003553e-01 4.000000000000003553e-01 4.123105625617664027e-01 4.472135954999583163e-01 5.000000000000003331e-01 5.656854249492383468e-01 6.403124237432851196e-01
7.071067811865475727e-01 6.403124237432847865e-01 5.830951894845300965e-01 5.385164807134503739e-01 5.099019513592785158e-01 5.000000000000000000e-01 5.000000000000000000e-01 5.000000000000000000e-01 5.000000000000000000e-01 5.000000000000000000e-01 5.000000000000000000e-01 5.000000000000000000e-01 5.000000000000000000e-01 5.000000000000000000e-01 5.000000000000000000e-01 5.000000000000000000e-01 5.099019513592785158e-01 5.385164807134504850e-01 5.830951894845300965e-01 6.403124237432850085e-01 7.071067811865475727e-01
